[app/ui]
version = 7.2.5
modtime = 1555470805.598195000

[app/launcher]
version = 7.2.5
modtime = 1555470805.599626000

[views/welcome]
owner = admin
version = 7.2.5
modtime = 1560716235.906938000

[nav/default]
version = 7.2.5
modtime = 1558665628.774204000
