[app/ui]
version = 7.2.5
modtime = 1555470805.598195000

[app/launcher]
version = 7.2.5
modtime = 1555470805.599626000

[views/welcome]
owner = admin
version = 7.2.5
modtime = 1555871315.413428000

[nav/default]
version = 7.2.5
modtime = 1555471512.100583000
